Epoch	AverageEpRet	StdEpRet	MaxEpRet	MinEpRet	EpLen	AverageVVals	StdVVals	MaxVVals	MinVVals	TotalEnvInteracts	LossPi	LossV	DeltaLossPi	DeltaLossV	Entropy	KL	ClipFrac	StopIter	Time
0	10.439791	6.37775	45.0	4.0	10.439791	0.06462103	0.018181818	0.1258875	-0.006780535	2000	3.218651e-09	86.556496	-0.027737143	-45.283543	0.918938	0.011104773	0.21	79.0	1.9838800430297852
1	12.775641	7.729873	41.0	4.0	12.775641	5.753797	0.8475439	11.810317	4.894901	4000	1.887232e-08	53.705807	-0.017144922	-19.243233	0.89753366	0.015101522	0.172	15.0	3.6872031688690186
2	15.625	11.150953	74.0	5.0	15.625	8.653391	1.8053079	11.791987	0.30029452	6000	-6.0796737e-09	88.13637	-0.020430032	-9.710091	0.8905795	0.015677892	0.2175	15.0	5.332101106643677
3	18.302752	10.021541	57.0	6.0	18.302752	11.32629	2.6070852	14.282667	-6.4945025	8000	5.8114527e-09	59.751343	-0.020898534	-5.36911	0.8831777	0.015592778	0.186	15.0	6.962313890457153
4	28.797102	14.106817	78.0	8.0	28.797102	10.997491	3.1811628	14.913926	-10.159418	10000	-1.66893e-08	115.03732	-0.024596596	-35.179657	0.87569445	0.011531705	0.1425	79.0	8.906264781951904
5	37.584908	20.598986	101.0	8.0	37.584908	15.977599	5.2977433	22.22222	-8.672661	12000	5.6922436e-09	175.99335	-0.02616657	-40.134277	0.8463512	0.014963001	0.1725	79.0	10.81777811050415
6	55.22222	31.76748	152.0	7.0	55.22222	20.8907	6.7143974	29.875544	-8.9455595	14000	-3.8240104e-09	284.84125	-0.023987686	-85.597534	0.8271891	0.014912428	0.124	79.0	12.699784994125366
7	75.30769	35.608738	153.0	14.0	75.30769	28.631454	11.3802395	42.270485	-13.991827	16000	1.4737249e-08	239.63399	-0.021363277	-50.20656	0.8049732	0.00609304	0.101	79.0	14.61149525642395
8	95.95	36.45199	205.0	53.0	95.95	33.772095	13.1875725	50.43628	-15.7499695	18000	1.5288592e-08	220.00067	-0.0169595	-42.22766	0.7885896	0.00301129	0.085	79.0	16.506160020828247
9	110.72222	44.54811	203.0	16.0	110.72222	38.76108	16.363102	57.91523	-10.753349	20000	8.21054e-09	142.33778	-0.012135561	-44.432457	0.7775725	0.015935982	0.1395	3.0	18.04430890083313
10	108.94118	46.867107	221.0	10.0	108.94118	41.21602	18.972664	67.47865	-15.022884	22000	1.9147992e-09	220.4877	-0.008401583	-97.23411	0.77714527	0.01524469	0.178	11.0	19.616535902023315
11	173.18182	78.44955	323.0	41.0	173.18182	47.933144	17.258324	69.200294	-16.964333	24000	-8.8214875e-09	381.5324	-0.021333361	-108.706085	0.7734763	0.011971811	0.137	79.0	21.463262796401978
12	252.85715	112.853165	464.0	119.0	252.85715	56.320503	19.75544	78.03444	-9.101198	26000	4.3809415e-08	312.69894	-0.004871868	-164.38918	0.76793265	0.016616933	0.2445	5.0	22.97893977165222
13	255.14285	145.60458	570.0	93.0	255.14285	63.51779	25.71983	91.99938	-26.660912	28000	5.4463745e-09	211.04262	-0.0074685356	-61.778763	0.76747483	0.017489854	0.3105	6.0	24.517518758773804
14	423.0	264.457	869.0	210.0	423.0	81.993744	10.886258	97.40556	27.937124	30000	1.504086e-09	463.2268	-0.014910037	-53.144836	0.7666306	0.0044645597	0.0635	79.0	26.44664692878723
15	614.6667	331.3833	1000.0	191.0	614.6667	82.123116	10.793391	96.92331	4.2033606	32000	1.07474625e-08	247.99126	-0.011968566	-87.663956	0.76804	0.015499455	0.1705	3.0	27.954407453536987
16	251.6	100.42828	438.0	160.0	251.6	85.329025	23.000809	108.15607	4.796442	34000	8.594244e-09	215.1495	-0.007127429	-102.06976	0.7680434	0.020102397	0.173	6.0	29.548616886138916
17	1000.0	0.0	1000.0	1000.0	1000.0	95.35365	2.4899125	100.40009	84.97016	36000	-5.248189e-08	26.605043	-0.011524127	-23.655792	0.7672813	0.000624815	0.046	79.0	31.474446773529053
18	1000.0	0.0	1000.0	1000.0	1000.0	100.08461	1.2009903	102.46337	92.09225	38000	9.298325e-09	4.0799885	-0.0057292725	-0.77202654	0.7352949	0.017798722	0.1805	4.0	33.004194021224976
19	1000.0	0.0	1000.0	1000.0	1000.0	97.95081	3.5857363	101.776764	81.29334	40000	1.502037e-08	17.115255	-0.008590338	-14.043213	0.73389167	0.017393032	0.178	6.0	34.515318393707275
20	1000.0	0.0	1000.0	1000.0	1000.0	98.97117	1.7460927	102.78958	85.826324	42000	1.038611e-08	3.8354685	-0.005538135	-2.5756836	0.7318331	0.020077525	0.2715	6.0	36.06741261482239
21	1000.0	0.0	1000.0	1000.0	1000.0	100.11175	1.2044039	102.15479	94.30251	44000	-1.2665988e-10	1.4351422	-0.012929487	-0.5421428	0.73033035	0.0040434464	0.0485	79.0	37.92396092414856
22	1000.0	0.0	1000.0	1000.0	1000.0	100.43513	0.5943409	103.39682	97.44546	46000	1.2397766e-08	0.5017719	-0.010336665	-0.19410753	0.6995551	0.004344568	0.03	79.0	39.81934690475464
23	1000.0	0.0	1000.0	1000.0	1000.0	100.26642	0.4125039	102.245026	97.610085	48000	-7.152557e-09	0.25565115	-0.011578907	-0.09121491	0.67936933	-0.0009600631	0.051	79.0	41.71575880050659
24	1000.0	0.0	1000.0	1000.0	1000.0	100.03303	0.40238598	101.374115	97.613205	50000	5.3644182e-09	0.16315642	-0.009185892	-0.01455228	0.65072894	0.0041934997	0.0345	79.0	43.60238528251648
25	1000.0	0.0	1000.0	1000.0	1000.0	99.99784	0.371922	101.59153	97.42027	52000	2.3141503e-08	0.1423742	-0.007867461	-0.011146203	0.6267029	0.007069727	0.059	79.0	45.49685311317444
26	1000.0	0.0	1000.0	1000.0	1000.0	100.03234	0.3659929	102.15188	97.313255	54000	-9.000301e-09	0.13464311	-0.0014878422	-0.009884253	0.6252994	0.016121702	0.182	5.0	47.00913214683533
27	1000.0	0.0	1000.0	1000.0	1000.0	99.88828	0.57505816	101.2218	96.31851	56000	-7.2419644e-09	0.3481379	-0.0028363648	-0.10089992	0.62511677	0.020464802	0.2855	4.0	48.51754593849182
28	1000.0	0.0	1000.0	1000.0	1000.0	99.99662	0.3268036	102.31269	98.32211	58000	-7.688999e-09	0.10771886	-0.009861464	-0.012515679	0.6248348	0.006085005	0.076	79.0	50.344958543777466
29	1000.0	0.0	1000.0	1000.0	1000.0	100.0707	0.28608823	101.69654	98.66345	60000	-4.768372e-10	0.08881275	-0.0084460545	-0.0071762204	0.61767817	0.0003905898	0.0295	79.0	52.14607334136963
30	1000.0	0.0	1000.0	1000.0	1000.0	100.04672	0.24816608	101.34013	98.9664	62000	1.0162592e-08	0.06351605	-0.0074427514	-0.005268682	0.6005097	0.0031812924	0.0285	79.0	54.07156014442444
31	1000.0	0.0	1000.0	1000.0	1000.0	100.009674	0.27191448	101.166595	97.96507	64000	-7.122755e-09	0.07587243	-0.007974805	-0.0070666075	0.5865201	0.0036437854	0.0305	79.0	55.9328236579895
32	1000.0	0.0	1000.0	1000.0	1000.0	100.02441	0.24800996	103.014946	98.01606	66000	1.096353e-08	0.06354726	-0.009703981	-0.005227383	0.5903733	0.002614179	0.0425	79.0	57.85240960121155
33	1000.0	0.0	1000.0	1000.0	1000.0	100.02125	0.23563956	101.801544	98.4599	68000	-3.8743018e-09	0.06040047	-0.007185685	-0.0044973455	0.57932174	0.0015342986	0.0185	79.0	59.733373165130615
34	1000.0	0.0	1000.0	1000.0	1000.0	100.02533	0.20290977	101.28249	98.779175	70000	8.8214875e-09	0.0602376	-0.008659699	-0.0068935156	0.57777435	0.004951388	0.04	79.0	61.63892436027527
35	1000.0	0.0	1000.0	1000.0	1000.0	99.95781	0.19752717	100.99527	98.493164	72000	-1.6987324e-09	0.041478068	-0.0076518906	-0.0026047193	0.56844026	0.002673513	0.0255	79.0	63.53285336494446
36	1000.0	0.0	1000.0	1000.0	1000.0	99.97817	0.19896139	101.04677	98.69899	74000	3.5762787e-10	0.042854406	-0.009043323	-0.0033956282	0.5436533	0.008266254	0.0475	79.0	65.35063242912292
37	1000.0	0.0	1000.0	1000.0	1000.0	100.02837	0.16189109	100.67873	99.10637	76000	-7.901341e-09	0.027016385	-0.008217693	-0.001869427	0.5247476	0.004202296	0.0475	79.0	67.2343499660492
38	1000.0	0.0	1000.0	1000.0	1000.0	100.009125	0.15728645	100.991196	98.96475	78000	9.3579295e-09	0.025250813	-0.007589753	-0.0009747371	0.51895314	0.0010124906	0.034	79.0	69.09116458892822
39	1000.0	0.0	1000.0	1000.0	1000.0	100.02292	0.15001254	100.65403	99.24497	80000	-2.0712614e-09	0.02292737	-0.008355748	-0.0009767264	0.4956926	0.0010098638	0.0205	79.0	71.03559589385986
40	1000.0	0.0	1000.0	1000.0	1000.0	100.02122	0.13443378	100.857506	99.09295	82000	7.759547e-09	0.018528994	-0.0056727873	-0.0010326244	0.48535493	0.0019005241	0.022	79.0	72.94591546058655
41	1000.0	0.0	1000.0	1000.0	1000.0	99.98822	0.13653855	100.66602	98.748024	84000	5.2452087e-09	0.019314941	-0.0037836914	-0.0009627454	0.46999532	0.01509421	0.137	2.0	74.44440340995789
42	1000.0	0.0	1000.0	1000.0	1000.0	100.01892	0.12097399	100.70583	98.988205	86000	5.170703e-09	0.015041433	-0.0098512145	-0.000795017	0.46968967	0.0076647373	0.0575	79.0	76.33002018928528
43	1000.0	0.0	1000.0	1000.0	1000.0	100.0027	0.13032	100.960434	99.197495	88000	-8.940697e-11	0.016990451	-0.0064955405	-0.00076985173	0.46668187	0.0023811974	0.026	79.0	78.18646121025085
44	1000.0	0.0	1000.0	1000.0	1000.0	100.0065	0.11309865	100.394226	99.032974	90000	-2.4139881e-09	0.013016056	-0.006629777	-0.0008564722	0.4572739	0.00078558025	0.046	79.0	80.03292489051819
45	1000.0	0.0	1000.0	1000.0	1000.0	100.00464	0.103580184	100.82625	99.19865	92000	1.7613173e-08	0.010990403	-0.00836	-0.0004513804	0.4429168	0.003143422	0.04	79.0	81.92552614212036
46	1000.0	0.0	1000.0	1000.0	1000.0	99.98888	0.11165895	100.45708	98.71925	94000	6.9886448e-09	0.01339277	-0.007444765	-0.0004129568	0.43026653	0.0013488882	0.0355	79.0	83.789546251297
47	1000.0	0.0	1000.0	1000.0	1000.0	99.99165	0.11363151	100.60605	99.054	96000	-1.1920929e-09	0.013746854	-0.0059878053	-0.00045465026	0.42594975	0.0029024102	0.0395	79.0	85.68097257614136
48	1000.0	0.0	1000.0	1000.0	1000.0	99.9982	0.10082462	100.483635	99.129295	98000	8.746982e-09	0.010334666	-0.0053082425	-0.0005029319	0.41907734	0.0031351175	0.027	79.0	87.5222749710083
49	1000.0	0.0	1000.0	1000.0	1000.0	99.999435	0.12024643	100.60876	98.547844	100000	-9.32347e-09	0.014509023	-0.0114971865	-0.0007991567	0.4099334	0.0033270435	0.045	79.0	89.38779330253601
50	1000.0	0.0	1000.0	1000.0	1000.0	100.01243	0.10172966	100.335304	98.36063	102000	1.40070915e-08	0.011074792	-0.0058703553	-0.00091802236	0.38075304	0.0029610102	0.023	79.0	91.32255053520203
51	782.0	218.0	1000.0	564.0	782.0	99.9942	0.24518135	104.98665	93.55789	104000	2.2187828e-08	245.73865	-0.0055219866	-38.99617	0.37329414	0.015141524	0.11	7.0	92.85311126708984
52	1000.0	0.0	1000.0	1000.0	1000.0	95.109276	1.0668157	96.88415	81.28811	106000	-4.696846e-08	21.448671	-0.010266374	-20.358192	0.3708176	-0.0007792255	0.024	79.0	94.70218515396118
53	1000.0	0.0	1000.0	1000.0	1000.0	99.48488	0.3587134	100.92912	96.380745	108000	2.3961068e-08	0.36948678	-0.0010065062	-0.3017377	0.3454773	0.024996856	0.34	2.0	96.19086241722107
54	1000.0	0.0	1000.0	1000.0	1000.0	100.02113	0.22419848	100.95721	97.257324	110000	1.1414289e-08	0.05251354	-0.010394452	-0.018600486	0.34482402	0.002701996	0.044	79.0	98.08799290657043
55	1000.0	0.0	1000.0	1000.0	1000.0	99.97749	0.20826493	100.721565	96.43066	112000	3.963709e-09	0.043864068	-0.005194746	-0.015849885	0.3374595	0.0030064206	0.017	79.0	99.96524047851562
56	1000.0	0.0	1000.0	1000.0	1000.0	100.01442	0.16687302	100.61899	97.84096	114000	-2.5331974e-09	0.02838201	-0.010880057	-0.009087583	0.3359067	0.0015503647	0.0525	79.0	101.84009623527527
57	1000.0	0.0	1000.0	1000.0	1000.0	99.99938	0.12295466	100.4136	99.17637	116000	-1.2278557e-08	0.0151211545	-0.008294958	-0.0036814203	0.28928372	0.0041179247	0.0435	79.0	103.72818350791931
58	1000.0	0.0	1000.0	1000.0	1000.0	99.99912	0.10013214	100.35336	99.612434	118000	1.9192695e-08	0.010057363	-0.0054069874	-0.0017161248	0.29144353	0.0043401797	0.031	79.0	105.60076785087585
59	1000.0	0.0	1000.0	1000.0	1000.0	99.99827	0.0898529	100.3214	99.234955	120000	1.424551e-08	0.008695963	-0.0062727104	-0.00055430084	0.27881423	0.0014409544	0.0375	79.0	107.44773173332214
60	1000.0	0.0	1000.0	1000.0	1000.0	99.996544	0.08607445	100.281006	99.33986	122000	-1.1630356e-08	0.007447726	-0.004540667	-0.00040899683	0.26646623	0.002393214	0.0125	79.0	109.33041000366211
61	1000.0	0.0	1000.0	1000.0	1000.0	100.007065	0.08231041	100.31192	99.50559	124000	6.198883e-09	0.0077238735	-0.005349595	-0.00048363162	0.26166806	0.00529381	0.029	79.0	111.22953200340271
62	1000.0	0.0	1000.0	1000.0	1000.0	100.0067	0.09321585	100.30496	98.59116	126000	-1.225248e-08	0.008811158	-0.0048806956	-0.001073041	0.2588415	0.0077783833	0.071	79.0	113.1137318611145
63	1000.0	0.0	1000.0	1000.0	1000.0	100.005394	0.087074496	100.307945	99.215935	128000	-2.2530555e-08	0.007626809	-0.0046036253	-0.00064520305	0.2566125	0.008694062	0.024	79.0	114.93507385253906
64	1000.0	0.0	1000.0	1000.0	1000.0	100.00203	0.07830561	100.35084	99.36678	130000	-2.4642794e-09	0.0064692306	-0.0048239105	-0.00029003154	0.25426844	0.006217679	0.0305	79.0	116.7303774356842
65	1000.0	0.0	1000.0	1000.0	1000.0	100.00125	0.08874516	100.326	98.77393	132000	-1.9818545e-09	0.008650581	-0.0075093345	-0.0005865814	0.28081706	0.0019399025	0.041	79.0	118.58324980735779
66	1000.0	0.0	1000.0	1000.0	1000.0	99.992035	0.077532105	100.29712	99.361046	134000	1.0550022e-08	0.006145287	-0.006492629	-0.0003025732	0.25110337	0.0014558125	0.0395	79.0	120.46993780136108
67	1000.0	0.0	1000.0	1000.0	1000.0	100.00564	0.076951854	100.305664	99.38069	136000	1.2516975e-09	0.0061299927	-0.0061940425	-0.00026084157	0.23891857	0.005680208	0.0255	79.0	122.36305260658264
68	1000.0	0.0	1000.0	1000.0	1000.0	99.996544	0.089284845	100.283516	98.406975	138000	-6.496906e-09	0.008596852	-0.008477416	-0.0016626841	0.21449704	0.0044962256	0.0365	79.0	124.2677743434906
69	1000.0	0.0	1000.0	1000.0	1000.0	100.00623	0.07818888	100.35558	99.3194	140000	4.6491624e-09	0.0064519034	-0.0056674164	-0.000488841	0.17965978	0.0058541168	0.0375	79.0	126.10445261001587
70	1000.0	0.0	1000.0	1000.0	1000.0	100.006	0.06947327	100.29739	99.60714	142000	7.390976e-09	0.0052474868	-0.008201516	-0.00017999392	0.1559745	0.004686173	0.079	79.0	127.9890079498291
71	1000.0	0.0	1000.0	1000.0	1000.0	100.00753	0.067512564	100.24374	99.53926	144000	1.9371509e-09	0.004783663	-0.008221499	-0.00022043334	0.14561567	0.0025026165	0.0595	79.0	129.84294390678406
72	1000.0	0.0	1000.0	1000.0	1000.0	100.00329	0.066440396	100.27014	99.35051	146000	2.6226044e-09	0.0048124064	-0.0066493596	-0.000212315	0.12013817	0.0028422817	0.047	79.0	131.76331615447998
73	1000.0	0.0	1000.0	1000.0	1000.0	100.01266	0.066174746	100.30859	99.382645	148000	6.109476e-09	0.0045842784	-0.006575762	-0.00030043582	0.11347913	0.0042284927	0.0335	79.0	133.62925004959106
74	1000.0	0.0	1000.0	1000.0	1000.0	100.00358	0.062196717	100.304634	99.60234	150000	9.343028e-09	0.0040087965	-0.005399317	-0.00021414482	0.11343333	0.0051135756	0.03	79.0	135.45810723304749
75	1000.0	0.0	1000.0	1000.0	1000.0	99.99539	0.065060094	100.20362	98.890724	152000	-9.0897085e-09	0.0042901854	-0.0086289495	-0.00029185368	0.101764694	0.0048544235	0.051	79.0	137.31751680374146
76	1000.0	0.0	1000.0	1000.0	1000.0	99.99879	0.06241454	100.30311	99.37415	154000	-1.0997057e-08	0.0040000537	-0.007189639	-0.00017533754	0.0709138	0.0048063104	0.03	79.0	139.16650462150574
77	1000.0	0.0	1000.0	1000.0	1000.0	100.00478	0.06168237	100.29214	99.55492	156000	-2.0693987e-08	0.003886182	-0.007491948	-0.00023558317	0.054183416	0.002037728	0.0245	79.0	140.98142385482788
78	1000.0	0.0	1000.0	1000.0	1000.0	99.998566	0.059654146	100.22648	99.383354	158000	-5.3569673e-09	0.0035673145	-0.008304701	-0.000117568765	0.02921118	0.004498958	0.0415	79.0	142.84730410575867
79	1000.0	0.0	1000.0	1000.0	1000.0	100.00377	0.054248348	100.257	99.69092	160000	-1.5825034e-08	0.002967318	-0.005875155	-0.000111692585	-0.009554264	-0.00014963078	0.0155	79.0	144.682053565979
80	1000.0	0.0	1000.0	1000.0	1000.0	99.99854	0.05260547	100.20731	99.73296	162000	-1.180172e-08	0.0031604948	-0.0074449936	-9.789434e-05	-0.021875013	0.0040612407	0.0335	79.0	146.5612964630127
81	1000.0	0.0	1000.0	1000.0	1000.0	99.99866	0.055176705	100.23849	99.37476	164000	1.3411045e-08	0.003204885	0.0009818281	-8.036033e-05	-0.017791038	0.017766496	0.216	2.0	148.07579469680786
82	1000.0	0.0	1000.0	1000.0	1000.0	99.994156	0.050907772	100.20653	99.70292	166000	1.8622726e-08	0.0026273502	-0.00440475	-0.0002224592	-0.017687568	0.0043456596	0.022	79.0	149.9039785861969
83	1000.0	0.0	1000.0	1000.0	1000.0	99.99964	0.058813382	100.19884	98.89095	168000	1.6689301e-09	0.0034726271	-0.0071129063	-0.0004294212	-0.026663909	0.0018690027	0.026	79.0	151.77623891830444
84	1000.0	0.0	1000.0	1000.0	1000.0	100.00383	0.04933364	100.237495	99.541824	170000	-5.2452087e-09	0.002469015	-0.0061767963	-0.0001312627	-0.051392548	0.0031356548	0.021	79.0	153.6527063846588
85	1000.0	0.0	1000.0	1000.0	1000.0	99.997284	0.055063665	100.27864	99.37758	172000	-1.1324882e-08	0.0030687763	-0.010200638	-0.00010964833	-0.050369967	0.008016033	0.079	79.0	155.50431847572327
86	1000.0	0.0	1000.0	1000.0	1000.0	99.999275	0.05184232	100.23052	99.48167	174000	-4.1723253e-10	0.0027423815	-0.0073985583	-0.00016486575	-0.049650606	0.0034752165	0.0265	79.0	157.28223395347595
87	1000.0	0.0	1000.0	1000.0	1000.0	100.001274	0.059896365	100.26217	98.79702	176000	1.48117545e-08	0.0035928716	-0.008688921	-0.00036353036	-0.040917628	0.007959249	0.062	79.0	159.14342999458313
88	1000.0	0.0	1000.0	1000.0	1000.0	100.002266	0.04674759	100.21118	99.619545	178000	-8.642673e-09	0.0021899145	-0.00035478533	-9.447592e-05	-0.074241914	0.015451191	0.166	3.0	160.7113060951233
89	1000.0	0.0	1000.0	1000.0	1000.0	100.00553	0.045018476	100.27653	99.579155	180000	9.6559525e-09	0.0020525653	-0.0050247046	-0.00022934587	-0.0753469	0.0025680482	0.048	79.0	162.63799405097961
90	1000.0	0.0	1000.0	1000.0	1000.0	100.00191	0.042904273	100.22729	99.78159	182000	-9.417534e-09	0.0018895488	-0.0054099723	-5.286152e-05	-0.096744984	0.0056947344	0.031	79.0	164.5689480304718
91	1000.0	0.0	1000.0	1000.0	1000.0	100.0014	0.039042346	100.16951	99.76486	184000	-1.0415912e-08	0.0015402519	-0.008818938	-4.289334e-05	-0.108530045	0.0021342954	0.0305	79.0	166.45429015159607
92	1000.0	0.0	1000.0	1000.0	1000.0	99.99997	0.044319637	100.1878	99.66615	186000	-4.172325e-09	0.0022729428	-0.008785478	-0.000107732136	-0.13103633	0.006102614	0.0625	79.0	168.4209554195404
93	1000.0	0.0	1000.0	1000.0	1000.0	99.99338	0.041053835	100.16786	99.57972	188000	-6.7353247e-09	0.0018165265	-0.009874107	-0.00014322903	-0.16682228	0.0054720463	0.0545	79.0	170.27051186561584
94	1000.0	0.0	1000.0	1000.0	1000.0	99.998405	0.04148811	100.22646	99.68503	190000	-4.9769877e-09	0.001720603	-0.007317642	-8.0310274e-05	-0.17433454	0.004573173	0.0335	79.0	172.14884877204895
95	1000.0	0.0	1000.0	1000.0	1000.0	100.00054	0.037685823	100.19723	99.83768	192000	-1.7881393e-09	0.0014650488	-0.0073297424	-6.0900464e-05	-0.16791424	0.004804014	0.0395	79.0	174.0210988521576
96	1000.0	0.0	1000.0	1000.0	1000.0	100.00239	0.041595403	100.198715	99.571495	194000	1.8157065e-08	0.001814249	-0.009149605	-0.00010652479	-0.1642746	0.002789529	0.054	79.0	175.9296007156372
97	1000.0	0.0	1000.0	1000.0	1000.0	99.996796	0.040116303	100.18173	99.745834	196000	-3.904104e-09	0.0016386121	-0.005679617	-8.851418e-05	-0.18398009	4.0571304e-05	0.029	79.0	177.80275630950928
98	1000.0	0.0	1000.0	1000.0	1000.0	100.00118	0.039152022	100.18978	99.63922	198000	1.680851e-08	0.001567186	-0.006412798	-5.6577148e-05	-0.17057317	0.0036758163	0.0315	79.0	179.70350623130798
99	1000.0	0.0	1000.0	1000.0	1000.0	99.99649	0.03986493	100.20529	99.66547	200000	-3.3915043e-08	0.0016774903	-0.010419372	-6.5317145e-05	-0.1809416	0.0047516166	0.0795	79.0	181.61770868301392
