Epoch	AverageEpRet	StdEpRet	MaxEpRet	MinEpRet	AverageTestEpRet	StdTestEpRet	MaxTestEpRet	MinTestEpRet	EpLen	TestEpLen	TotalEnvInteracts	AverageQVals	StdQVals	MaxQVals	MinQVals	LossPi	LossQ	Time
1	5.4835167	2.8664894	17.0	2.0	52.3	4.9608464	65.0	47.0	5.4835167	52.3	1999	2.2712483	1.0703479	5.650356	-0.26975843	-2.4420962	0.10282731	5.979696750640869
2	5.548476	2.9480271	21.0	3.0	26.3	2.1470912	29.0	22.0	5.548476	26.3	3999	7.867392	4.6881814	18.868626	-0.6869253	-9.703778	0.56006724	17.41023325920105
3	5.946429	3.6158695	24.0	3.0	25.1	2.4269323	28.0	20.0	5.946429	25.1	5999	16.458857	9.331341	31.278471	-1.5634317	-20.494923	1.6075288	29.185706615447998
4	5.827988	3.4845982	23.0	3.0	28.9	1.7578397	32.0	26.0	5.827988	28.9	7999	25.156466	14.182371	41.985485	-2.3678794	-31.286774	3.3554668	40.629119873046875
5	5.6106443	3.2843227	26.0	3.0	28.1	2.2561028	31.0	24.0	5.6106443	28.1	9999	32.827213	18.578085	52.998215	-2.5560164	-40.756363	5.253701	51.93227982521057
6	36.555557	5.476098	50.0	25.0	46.2	0.59999996	47.0	45.0	36.555557	46.2	11999	40.177406	22.823715	66.79936	-9.093051	-49.205883	7.398679	63.549312353134155
7	45.930233	11.696542	65.0	28.0	56.3	2.2383032	59.0	51.0	45.930233	56.3	13999	44.2843	25.927666	87.83591	-7.2499647	-53.159134	9.270808	75.31655883789062
8	37.21818	11.993469	79.0	15.0	33.5	0.67082036	34.0	32.0	37.21818	33.5	15999	48.940125	29.12881	106.539406	-27.14551	-58.120735	12.045905	86.7434401512146
9	31.935484	1.4905181	38.0	29.0	32.9	0.70000005	34.0	32.0	31.935484	32.9	17999	59.328773	35.79147	112.678856	-20.045378	-69.87214	14.892416	98.3563404083252
10	37.407406	6.4765058	48.0	29.0	44.5	1.024695	46.0	43.0	37.407406	44.5	19999	67.21128	42.79558	123.73221	-7.463974	-78.27401	18.077856	109.82798099517822
11	298.25	405.1755	1000.0	58.0	1000.0	0.0	1000.0	1000.0	298.25	1000.0	21999	67.50779	47.150406	128.49059	-8.950475	-78.87605	19.44866	124.79980611801147
12	1000.0	0.0	1000.0	1000.0	1000.0	0.0	1000.0	1000.0	1000.0	1000.0	23999	71.935555	47.66256	142.3536	-8.71515	-83.60247	24.47944	140.20727396011353
13	1000.0	0.0	1000.0	1000.0	1000.0	0.0	1000.0	1000.0	1000.0	1000.0	25999	84.3751	47.935287	147.7737	-8.247821	-96.32448	29.693768	156.38955330848694
14	798.3333	183.0161	1000.0	557.0	1000.0	0.0	1000.0	1000.0	798.3333	1000.0	27999	97.06823	49.456226	156.36353	-14.910756	-109.05016	34.4889	172.0992033481598
15	568.75	290.58334	1000.0	184.0	1000.0	0.0	1000.0	1000.0	568.75	1000.0	29999	105.86887	50.229237	162.14699	-17.454794	-117.08124	35.465954	187.4959466457367
16	386.8	291.56845	956.0	156.0	1000.0	0.0	1000.0	1000.0	386.8	1000.0	31999	109.47601	50.46712	164.86066	-24.858486	-120.27689	33.82275	202.9253807067871
17	295.7143	126.40153	445.0	139.0	1000.0	0.0	1000.0	1000.0	295.7143	1000.0	33999	113.40861	49.522007	170.89505	-27.519827	-123.71679	36.956078	218.2418873310089
18	673.6667	332.67838	1000.0	217.0	1000.0	0.0	1000.0	1000.0	673.6667	1000.0	35999	115.76681	48.372707	167.78157	-25.477474	-125.35054	30.678532	233.83387517929077
19	963.5	36.5	1000.0	927.0	1000.0	0.0	1000.0	1000.0	963.5	1000.0	37999	117.29226	46.72007	171.8677	-32.07616	-126.40862	32.794895	249.4889578819275
20	617.6667	347.55368	1000.0	159.0	93.0	32.273827	186.0	73.0	617.6667	93.0	39999	119.8895	45.679546	172.71956	-36.39984	-128.26909	30.468782	261.4508783817291
21	1000.0	0.0	1000.0	1000.0	459.0	258.1395	1000.0	104.0	1000.0	459.0	41999	122.13397	43.987007	170.5994	-31.700798	-130.13254	27.61678	274.87428855895996
22	699.0	301.0	1000.0	398.0	970.5	88.5	1000.0	705.0	699.0	970.5	43999	125.94549	42.747383	167.95662	-32.53445	-133.57275	25.588564	289.7613368034363
23	1000.0	0.0	1000.0	1000.0	1000.0	0.0	1000.0	1000.0	1000.0	1000.0	45999	129.94781	42.1574	171.01794	-33.468468	-137.89297	23.83965	304.8225996494293
24	1000.0	0.0	1000.0	1000.0	1000.0	0.0	1000.0	1000.0	1000.0	1000.0	47999	137.96776	43.193275	192.65968	-34.921192	-145.91739	22.776203	320.17228746414185
25	1000.0	0.0	1000.0	1000.0	1000.0	0.0	1000.0	1000.0	1000.0	1000.0	49999	145.32816	44.75497	207.18385	-35.687096	-152.95831	25.655148	335.3152377605438
26	951.6667	68.35365	1000.0	855.0	976.0	72.0	1000.0	760.0	951.6667	976.0	51999	148.69736	45.087456	213.19942	-37.869072	-155.78119	27.868734	350.68815898895264
27	41.02	35.0277	269.0	32.0	34.0	0.0	34.0	34.0	41.02	34.0	53999	152.18562	46.146168	225.29579	-47.95288	-159.84843	30.597906	362.4316098690033
28	35.03448	1.2589749	38.0	32.0	36.0	0.0	36.0	36.0	35.03448	36.0	55999	167.15343	53.56641	231.15128	-38.323284	-176.92694	31.80944	374.3125333786011
29	49.5	16.02342	87.0	35.0	78.2	0.4	79.0	78.0	49.5	78.2	57999	181.62556	62.719585	253.37408	-30.542225	-191.53468	33.123535	386.44003891944885
30	314.25	395.94974	1000.0	78.0	886.9	240.223	1000.0	213.0	314.25	886.9	59999	189.76648	67.988655	307.10062	-34.354282	-199.69786	37.605797	401.7678279876709
31	866.6667	188.56181	1000.0	600.0	1000.0	0.0	1000.0	1000.0	866.6667	1000.0	61999	196.99452	71.79568	342.94385	-26.88203	-206.38406	36.702045	417.47955203056335
32	1000.0	0.0	1000.0	1000.0	1000.0	0.0	1000.0	1000.0	1000.0	1000.0	63999	201.07234	75.66968	355.25262	-31.3864	-209.91441	39.10224	433.07835030555725
33	1000.0	0.0	1000.0	1000.0	1000.0	0.0	1000.0	1000.0	1000.0	1000.0	65999	204.2879	75.09255	360.72357	-46.402912	-212.74007	38.50668	448.9660360813141
34	1000.0	0.0	1000.0	1000.0	1000.0	0.0	1000.0	1000.0	1000.0	1000.0	67999	209.73048	75.88807	354.71027	-48.586185	-218.6625	35.20723	465.1649594306946
35	1000.0	0.0	1000.0	1000.0	1000.0	0.0	1000.0	1000.0	1000.0	1000.0	69999	220.14204	77.17373	358.89532	-50.764603	-229.85594	37.039852	480.9895408153534
36	1000.0	0.0	1000.0	1000.0	1000.0	0.0	1000.0	1000.0	1000.0	1000.0	71999	233.727	77.719696	348.05185	-33.694813	-243.44806	40.007	496.7713677883148
37	1000.0	0.0	1000.0	1000.0	1000.0	0.0	1000.0	1000.0	1000.0	1000.0	73999	244.67212	77.44966	340.74643	-49.128075	-255.03433	41.847168	512.5951402187347
38	1000.0	0.0	1000.0	1000.0	1000.0	0.0	1000.0	1000.0	1000.0	1000.0	75999	252.70198	77.01155	327.17227	-49.42992	-262.4823	39.51228	528.6072521209717
39	1000.0	0.0	1000.0	1000.0	1000.0	0.0	1000.0	1000.0	1000.0	1000.0	77999	253.52228	77.44534	314.3421	-27.742298	-262.83188	40.711132	544.8712420463562
40	1000.0	0.0	1000.0	1000.0	1000.0	0.0	1000.0	1000.0	1000.0	1000.0	79999	249.0997	75.52447	311.06738	-27.268341	-257.34326	37.19634	560.9326665401459
41	1000.0	0.0	1000.0	1000.0	718.6	283.6495	1000.0	226.0	1000.0	718.6	81999	240.00232	74.565636	304.87808	-33.58785	-247.70618	35.32327	576.0601341724396
42	1000.0	0.0	1000.0	1000.0	1000.0	0.0	1000.0	1000.0	1000.0	1000.0	83999	231.80186	70.44682	294.34708	-33.730488	-239.18004	33.883938	591.9728925228119
43	1000.0	0.0	1000.0	1000.0	1000.0	0.0	1000.0	1000.0	1000.0	1000.0	85999	224.91882	67.08367	287.13013	-40.64279	-231.74463	32.98139	608.2953381538391
44	1000.0	0.0	1000.0	1000.0	1000.0	0.0	1000.0	1000.0	1000.0	1000.0	87999	219.53682	64.76045	280.26144	-40.04225	-226.39682	30.251648	624.8097808361053
45	1000.0	0.0	1000.0	1000.0	1000.0	0.0	1000.0	1000.0	1000.0	1000.0	89999	215.01198	62.27794	275.06088	-37.628807	-221.668	29.012157	641.5564320087433
46	430.2	219.02274	703.0	105.0	86.8	2.1817424	92.0	84.0	430.2	86.8	91999	210.25073	58.314617	270.23917	-41.491524	-216.15836	28.614073	654.8425385951996
47	499.0	51.351727	552.0	414.0	409.3	336.10834	1000.0	85.0	499.0	409.3	93999	203.60834	56.24526	264.33057	-25.073133	-209.43275	24.863691	669.1994721889496
48	789.5	210.5	1000.0	579.0	1000.0	0.0	1000.0	1000.0	789.5	1000.0	95999	198.0495	54.240463	264.32947	-28.120274	-203.72752	26.445105	685.7756021022797
49	1000.0	0.0	1000.0	1000.0	1000.0	0.0	1000.0	1000.0	1000.0	1000.0	97999	192.45232	52.68483	256.2108	-30.455763	-197.82138	24.496586	702.388197183609
50	1000.0	0.0	1000.0	1000.0	56.8	0.59999996	57.0	55.0	1000.0	56.8	99999	188.42409	49.900585	250.76851	-30.498466	-193.49725	20.578976	715.2035238742828
