Epoch	AverageEpRet	StdEpRet	MaxEpRet	MinEpRet	AverageTestEpRet	StdTestEpRet	MaxTestEpRet	MinTestEpRet	EpLen	TestEpLen	TotalEnvInteracts	AverageQVals	StdQVals	MaxQVals	MinQVals	LossPi	LossQ	Time
1	5.990964	3.3125231	22.0	3.0	50.7	7.9630394	67.0	43.0	5.990964	50.7	1999	2.3683038	1.1758559	5.943519	-0.5222213	-2.633604	0.1368218	4.901365518569946
2	5.677966	3.2133586	20.0	3.0	53.5	6.2008066	64.0	44.0	5.677966	53.5	3999	8.308361	4.5564103	19.718014	-2.1009753	-10.073961	0.88900584	13.753594398498535
3	5.6525426	3.1192236	21.0	2.0	23.0	1.0	25.0	21.0	5.6525426	23.0	5999	16.828115	9.0323	34.1809	-5.393216	-20.8604	2.5609477	22.608022928237915
4	5.765896	3.2461793	20.0	3.0	22.8	0.9797958	24.0	21.0	5.765896	22.8	7999	26.235035	14.193135	50.357727	-7.5219593	-32.6918	5.3322268	31.087897062301636
5	5.4281845	3.2461555	24.0	3.0	21.7	1.0049876	23.0	20.0	5.4281845	21.7	9999	36.117	19.829681	73.40805	-11.027169	-45.157936	8.827127	39.72547483444214
6	35.375	5.86321	42.0	23.0	43.6	0.66332495	44.0	42.0	35.375	43.6	11999	48.476234	25.595652	81.459785	-13.44868	-59.456764	18.656237	48.768287897109985
7	40.734695	2.3799803	46.0	36.0	37.0	0.0	37.0	37.0	40.734695	37.0	13999	58.37279	29.796038	87.22831	-16.584293	-69.40616	17.954557	57.6614043712616
8	38.153847	6.1905155	55.0	11.0	50.1	0.8306624	51.0	49.0	38.153847	50.1	15999	62.27536	33.092373	100.9203	-17.501902	-73.01801	18.443377	66.73354840278625
9	43.19149	11.102305	69.0	25.0	46.9	0.9433981	48.0	45.0	43.19149	46.9	17999	64.08779	35.766487	118.08136	-20.256018	-74.326225	19.940367	76.27615690231323
10	38.28846	4.6630154	48.0	30.0	29.6	0.48989794	30.0	29.0	38.28846	29.6	19999	68.14345	40.104317	128.01831	-38.89075	-78.701675	24.095972	85.40740084648132
11	31.484375	1.2746592	35.0	29.0	31.3	0.4582576	32.0	31.0	31.484375	31.3	21999	76.679	45.764477	135.83813	-39.58456	-88.47496	29.36818	94.44900178909302
12	31.571428	2.165489	41.0	27.0	36.1	3.5902648	40.0	28.0	31.571428	36.1	23999	83.87196	50.545597	139.76161	-30.210464	-96.02483	29.540237	103.80848670005798
13	42.68085	2.7760863	50.0	37.0	47.4	2.6153393	50.0	42.0	42.68085	47.4	25999	83.76887	51.475204	142.4298	-37.38247	-94.98866	27.850634	113.09182000160217
14	61.03846	30.394182	168.0	38.0	1000.0	0.0	1000.0	1000.0	61.03846	1000.0	27999	78.398705	49.421402	143.6841	-35.898422	-88.71029	24.93874	125.5937728881836
15	454.4	302.05536	818.0	91.0	118.6	4.2708316	125.0	112.0	454.4	118.6	29999	78.93186	46.969345	148.21854	-43.32627	-89.56295	25.18658	135.3844735622406
16	256.4	124.71022	475.0	109.0	1000.0	0.0	1000.0	1000.0	256.4	1000.0	31999	84.71303	47.568974	148.23813	-55.409798	-94.89367	23.337885	148.42277193069458
17	1000.0	0.0	1000.0	1000.0	1000.0	0.0	1000.0	1000.0	1000.0	1000.0	33999	91.61008	47.757595	150.0678	-70.017654	-101.354	23.422432	161.5746579170227
18	1000.0	0.0	1000.0	1000.0	1000.0	0.0	1000.0	1000.0	1000.0	1000.0	35999	98.2118	48.80161	152.93225	-61.84231	-107.69598	22.248386	174.6821630001068
19	1000.0	0.0	1000.0	1000.0	1000.0	0.0	1000.0	1000.0	1000.0	1000.0	37999	105.63975	51.254562	161.38547	-56.08194	-115.23134	23.956175	187.41370511054993
20	1000.0	0.0	1000.0	1000.0	1000.0	0.0	1000.0	1000.0	1000.0	1000.0	39999	112.27851	54.082413	166.45218	-54.11695	-121.707886	22.45742	200.17935848236084
21	1000.0	0.0	1000.0	1000.0	1000.0	0.0	1000.0	1000.0	1000.0	1000.0	41999	118.40917	55.891445	172.7909	-48.58408	-127.891716	22.079813	213.33826208114624
22	666.0	267.94525	1000.0	344.0	1000.0	0.0	1000.0	1000.0	666.0	1000.0	43999	125.58919	57.537224	180.2964	-32.337765	-135.07411	24.421188	226.46412873268127
23	1000.0	0.0	1000.0	1000.0	1000.0	0.0	1000.0	1000.0	1000.0	1000.0	45999	131.0315	57.61161	187.67216	-31.694569	-140.26732	24.352808	239.72404980659485
24	1000.0	0.0	1000.0	1000.0	1000.0	0.0	1000.0	1000.0	1000.0	1000.0	47999	135.85373	57.905014	194.122	-32.298775	-145.1694	24.119396	253.26973414421082
25	1000.0	0.0	1000.0	1000.0	1000.0	0.0	1000.0	1000.0	1000.0	1000.0	49999	141.84286	57.18646	207.31528	-38.766747	-151.02966	24.400589	266.3736824989319
26	1000.0	0.0	1000.0	1000.0	1000.0	0.0	1000.0	1000.0	1000.0	1000.0	51999	148.75896	56.075565	224.56296	-36.412647	-158.15085	25.59642	279.3786790370941
27	1000.0	0.0	1000.0	1000.0	1000.0	0.0	1000.0	1000.0	1000.0	1000.0	53999	155.01112	54.083946	236.11736	-41.669544	-164.0024	26.032188	292.20894265174866
28	1000.0	0.0	1000.0	1000.0	1000.0	0.0	1000.0	1000.0	1000.0	1000.0	55999	160.74498	52.4426	236.21216	-42.174686	-169.84328	27.916485	304.93634843826294
29	1000.0	0.0	1000.0	1000.0	1000.0	0.0	1000.0	1000.0	1000.0	1000.0	57999	166.58026	52.829136	242.03929	-52.73955	-175.4235	29.349707	317.9231913089752
30	1000.0	0.0	1000.0	1000.0	1000.0	0.0	1000.0	1000.0	1000.0	1000.0	59999	172.35104	53.326885	263.65723	-62.574226	-181.40659	29.96132	330.75711822509766
31	1000.0	0.0	1000.0	1000.0	1000.0	0.0	1000.0	1000.0	1000.0	1000.0	61999	179.24464	54.65961	278.41	-44.76302	-188.482	31.240261	343.72854351997375
32	1000.0	0.0	1000.0	1000.0	1000.0	0.0	1000.0	1000.0	1000.0	1000.0	63999	188.35278	57.644444	293.16388	-62.12204	-198.23662	36.938656	356.7694036960602
33	1000.0	0.0	1000.0	1000.0	1000.0	0.0	1000.0	1000.0	1000.0	1000.0	65999	197.3248	59.956688	314.42487	-58.329185	-207.22226	37.243404	370.00900888442993
34	1000.0	0.0	1000.0	1000.0	1000.0	0.0	1000.0	1000.0	1000.0	1000.0	67999	205.8112	63.68027	326.22183	-56.4727	-215.92398	34.363945	383.1440658569336
35	1000.0	0.0	1000.0	1000.0	1000.0	0.0	1000.0	1000.0	1000.0	1000.0	69999	215.93852	68.54374	326.20203	-60.483273	-226.54532	40.0581	395.95849537849426
36	1000.0	0.0	1000.0	1000.0	1000.0	0.0	1000.0	1000.0	1000.0	1000.0	71999	226.72754	73.22906	331.94418	-67.03336	-237.72447	40.466763	409.01956605911255
37	1000.0	0.0	1000.0	1000.0	1000.0	0.0	1000.0	1000.0	1000.0	1000.0	73999	237.2803	78.20275	334.18954	-62.221664	-248.59753	46.05612	421.98240089416504
38	1000.0	0.0	1000.0	1000.0	1000.0	0.0	1000.0	1000.0	1000.0	1000.0	75999	248.471	83.43876	348.0829	-63.64792	-260.54453	46.803368	435.09213399887085
39	1000.0	0.0	1000.0	1000.0	1000.0	0.0	1000.0	1000.0	1000.0	1000.0	77999	260.688	88.15689	372.68335	-73.7315	-272.85272	52.900444	448.478022813797
40	1000.0	0.0	1000.0	1000.0	1000.0	0.0	1000.0	1000.0	1000.0	1000.0	79999	269.90427	92.89987	390.46423	-77.22252	-282.49756	55.188374	461.8336617946625
41	1000.0	0.0	1000.0	1000.0	1000.0	0.0	1000.0	1000.0	1000.0	1000.0	81999	270.42776	92.52174	393.75955	-78.9809	-281.3732	53.05588	474.947359085083
42	1000.0	0.0	1000.0	1000.0	1000.0	0.0	1000.0	1000.0	1000.0	1000.0	83999	265.2718	86.18591	387.1514	-68.361015	-275.4343	48.293957	487.96211290359497
43	1000.0	0.0	1000.0	1000.0	232.5	9.728824	248.0	219.0	1000.0	232.5	85999	257.60114	78.28332	354.44482	-65.34197	-266.88953	43.692844	498.8704717159271
44	353.75	374.3283	1000.0	82.0	1000.0	0.0	1000.0	1000.0	353.75	1000.0	87999	251.25893	72.47691	345.91168	-57.344326	-260.20575	41.13512	512.1277718544006
45	1000.0	0.0	1000.0	1000.0	1000.0	0.0	1000.0	1000.0	1000.0	1000.0	89999	251.17519	71.76515	342.75012	-56.32765	-260.4081	40.265087	525.747709274292
46	385.0	383.42822	1000.0	28.0	1000.0	0.0	1000.0	1000.0	385.0	1000.0	91999	253.36928	72.857254	352.14716	-63.341106	-262.7277	40.97011	538.9257743358612
47	253.0	315.08456	1000.0	29.0	1000.0	0.0	1000.0	1000.0	253.0	1000.0	93999	259.20605	74.714134	386.59232	-57.634396	-268.6649	45.34871	552.5788705348969
48	1000.0	0.0	1000.0	1000.0	652.6	212.99774	1000.0	456.0	1000.0	652.6	95999	264.92758	78.91814	392.71338	-73.311615	-274.37088	44.730408	564.5817093849182
49	285.2857	243.96997	837.0	100.0	1000.0	0.0	1000.0	1000.0	285.2857	1000.0	97999	271.8589	82.86401	396.71976	-77.820496	-281.80844	44.357166	577.7237043380737
50	562.6667	336.02216	1000.0	183.0	1000.0	0.0	1000.0	1000.0	562.6667	1000.0	99999	280.52737	86.61761	384.4523	-72.3636	-290.33386	45.942905	590.8782830238342
51	1000.0	0.0	1000.0	1000.0	1000.0	0.0	1000.0	1000.0	1000.0	1000.0	101999	279.80695	83.94265	391.08102	-95.52748	-288.09537	45.097874	604.2772002220154
52	1000.0	0.0	1000.0	1000.0	1000.0	0.0	1000.0	1000.0	1000.0	1000.0	103999	274.65927	78.2061	386.66235	-82.31341	-282.4897	38.79005	617.4020485877991
53	1000.0	0.0	1000.0	1000.0	1000.0	0.0	1000.0	1000.0	1000.0	1000.0	105999	272.43475	74.23413	424.3386	-100.61253	-280.53314	34.84021	630.5269122123718
54	1000.0	0.0	1000.0	1000.0	1000.0	0.0	1000.0	1000.0	1000.0	1000.0	107999	278.53613	74.26352	436.74225	-90.64325	-287.6349	37.570576	644.1198718547821
55	1000.0	0.0	1000.0	1000.0	1000.0	0.0	1000.0	1000.0	1000.0	1000.0	109999	289.18253	74.355484	441.44888	-80.50338	-298.61395	39.670593	657.0621140003204
56	1000.0	0.0	1000.0	1000.0	1000.0	0.0	1000.0	1000.0	1000.0	1000.0	111999	296.18195	76.42868	438.4157	-78.47102	-304.94644	36.84551	669.9780247211456
57	1000.0	0.0	1000.0	1000.0	1000.0	0.0	1000.0	1000.0	1000.0	1000.0	113999	295.38947	74.58762	442.16077	-101.141594	-303.6914	40.706898	682.8698079586029
58	1000.0	0.0	1000.0	1000.0	1000.0	0.0	1000.0	1000.0	1000.0	1000.0	115999	291.11523	73.98556	443.07205	-68.367035	-299.39853	41.386086	695.8709251880646
59	1000.0	0.0	1000.0	1000.0	1000.0	0.0	1000.0	1000.0	1000.0	1000.0	117999	286.77176	72.22543	443.40918	-73.72756	-294.58813	43.75932	708.9166085720062
60	1000.0	0.0	1000.0	1000.0	1000.0	0.0	1000.0	1000.0	1000.0	1000.0	119999	282.36395	72.71707	427.97232	-81.31473	-290.732	36.940624	721.8850569725037
61	1000.0	0.0	1000.0	1000.0	1000.0	0.0	1000.0	1000.0	1000.0	1000.0	121999	287.7315	71.85028	409.68518	-73.14536	-296.39362	38.416714	734.870523929596
62	1000.0	0.0	1000.0	1000.0	1000.0	0.0	1000.0	1000.0	1000.0	1000.0	123999	289.46735	70.340744	397.67548	-102.00464	-297.60013	34.774696	748.1078884601593
63	1000.0	0.0	1000.0	1000.0	1000.0	0.0	1000.0	1000.0	1000.0	1000.0	125999	289.2881	69.08495	378.50543	-100.540855	-297.15018	35.770462	761.2083420753479
64	1000.0	0.0	1000.0	1000.0	1000.0	0.0	1000.0	1000.0	1000.0	1000.0	127999	287.5057	66.49615	364.4275	-72.40058	-294.8044	34.033142	774.3320586681366
65	1000.0	0.0	1000.0	1000.0	1000.0	0.0	1000.0	1000.0	1000.0	1000.0	129999	284.99475	64.23008	356.6321	-110.50697	-291.66592	34.321033	787.2977135181427
66	1000.0	0.0	1000.0	1000.0	1000.0	0.0	1000.0	1000.0	1000.0	1000.0	131999	281.09033	62.78448	359.00937	-98.351364	-287.94543	32.65858	800.9313998222351
67	1000.0	0.0	1000.0	1000.0	1000.0	0.0	1000.0	1000.0	1000.0	1000.0	133999	280.71725	61.492832	348.91248	-54.080967	-287.3558	28.712496	814.5465362071991
68	1000.0	0.0	1000.0	1000.0	1000.0	0.0	1000.0	1000.0	1000.0	1000.0	135999	278.51593	60.086514	343.40506	-106.70973	-285.23407	30.426477	827.9218919277191
69	1000.0	0.0	1000.0	1000.0	1000.0	0.0	1000.0	1000.0	1000.0	1000.0	137999	277.59027	58.57149	345.58252	-81.88257	-284.141	27.260633	841.3842191696167
70	1000.0	0.0	1000.0	1000.0	1000.0	0.0	1000.0	1000.0	1000.0	1000.0	139999	277.8731	59.24195	339.84183	-70.70721	-284.4409	25.981895	855.2139406204224
71	1000.0	0.0	1000.0	1000.0	1000.0	0.0	1000.0	1000.0	1000.0	1000.0	141999	279.49457	60.564957	358.40503	-88.053375	-286.10306	30.22338	868.7897257804871
72	1000.0	0.0	1000.0	1000.0	1000.0	0.0	1000.0	1000.0	1000.0	1000.0	143999	278.96194	59.019928	351.27393	-90.76012	-284.90012	27.65098	881.8083925247192
73	1000.0	0.0	1000.0	1000.0	1000.0	0.0	1000.0	1000.0	1000.0	1000.0	145999	279.57703	58.11892	348.99637	-86.56932	-286.13168	30.62505	895.1903855800629
74	1000.0	0.0	1000.0	1000.0	1000.0	0.0	1000.0	1000.0	1000.0	1000.0	147999	278.52173	55.34375	360.3347	-77.991295	-284.19556	28.732958	908.7621343135834
75	636.5	395.11105	1000.0	54.0	72.7	2.8301945	76.0	68.0	636.5	72.7	149999	276.21875	56.343906	423.77362	-66.39202	-283.55182	32.528908	919.1905097961426
76	233.66667	296.77563	1000.0	48.0	1000.0	0.0	1000.0	1000.0	233.66667	1000.0	151999	315.51678	72.26131	439.1351	-72.30785	-327.4755	39.667397	932.8340694904327
77	584.3333	294.3086	1000.0	358.0	1000.0	0.0	1000.0	1000.0	584.3333	1000.0	153999	336.25812	79.58111	443.24896	-72.21234	-345.59924	38.287956	946.3624937534332
78	602.6667	387.024	1000.0	78.0	1000.0	0.0	1000.0	1000.0	602.6667	1000.0	155999	353.39557	80.964455	440.04202	-64.73683	-363.3923	43.00185	959.7638206481934
79	1000.0	0.0	1000.0	1000.0	1000.0	0.0	1000.0	1000.0	1000.0	1000.0	157999	354.45078	74.97322	449.76453	-67.28691	-361.1911	45.523476	973.2290072441101
80	1000.0	0.0	1000.0	1000.0	1000.0	0.0	1000.0	1000.0	1000.0	1000.0	159999	345.7723	70.60935	442.58447	-74.52123	-352.93518	37.605194	986.5909600257874
81	880.5	119.5	1000.0	761.0	1000.0	0.0	1000.0	1000.0	880.5	1000.0	161999	341.31183	67.929085	430.44583	-52.099174	-347.9905	39.942257	999.9323408603668
82	272.8889	284.2872	884.0	57.0	1000.0	0.0	1000.0	1000.0	272.8889	1000.0	163999	335.26593	64.59249	425.5753	-73.36347	-341.89658	44.099556	1013.099871635437
83	1000.0	0.0	1000.0	1000.0	1000.0	0.0	1000.0	1000.0	1000.0	1000.0	165999	335.0996	64.56551	412.0694	-82.27341	-342.23465	40.641453	1026.5134704113007
84	1000.0	0.0	1000.0	1000.0	1000.0	0.0	1000.0	1000.0	1000.0	1000.0	167999	330.1354	63.808994	397.7304	-93.85949	-336.2553	36.478703	1039.7174663543701
85	1000.0	0.0	1000.0	1000.0	1000.0	0.0	1000.0	1000.0	1000.0	1000.0	169999	321.41483	62.625004	389.5693	-90.46268	-327.7017	39.530407	1054.3542499542236
86	1000.0	0.0	1000.0	1000.0	1000.0	0.0	1000.0	1000.0	1000.0	1000.0	171999	323.67957	62.283157	392.53296	-102.60572	-331.54092	37.84733	1067.8107891082764
87	1000.0	0.0	1000.0	1000.0	1000.0	0.0	1000.0	1000.0	1000.0	1000.0	173999	331.95953	63.82279	416.46533	-71.03298	-339.42426	36.031727	1081.5187685489655
88	676.5	323.5	1000.0	353.0	46.0	2.0976176	51.0	44.0	676.5	46.0	175999	332.50192	63.35825	481.90857	-76.368706	-339.01657	42.14398	1091.8139817714691
89	373.5	443.0334	1000.0	52.0	1000.0	0.0	1000.0	1000.0	373.5	1000.0	177999	325.88776	66.582695	534.304	-72.16825	-331.34512	41.205696	1104.9369864463806
90	288.33334	380.61676	1000.0	61.0	61.6	0.48989797	62.0	61.0	288.33334	61.6	179999	324.69965	71.92649	576.3754	-77.3934	-332.69684	41.366352	1115.1243035793304
91	252.4	373.80453	1000.0	62.0	69.9	3.238827	78.0	67.0	252.4	69.9	181999	350.9615	79.13742	570.6043	-81.35531	-362.0208	54.364727	1125.5665085315704
92	681.6667	450.19135	1000.0	45.0	59.0	0.0	59.0	59.0	681.6667	59.0	183999	393.49585	89.46502	548.9223	-83.00008	-406.11267	54.347492	1135.6497254371643
93	213.22223	281.22302	1000.0	54.0	1000.0	0.0	1000.0	1000.0	213.22223	1000.0	185999	420.5696	99.628654	552.652	-76.62306	-431.27414	65.88882	1148.8828659057617
94	1000.0	0.0	1000.0	1000.0	1000.0	0.0	1000.0	1000.0	1000.0	1000.0	187999	421.00323	97.679436	518.41504	-98.11073	-429.42026	60.62722	1163.4814047813416
95	1000.0	0.0	1000.0	1000.0	1000.0	0.0	1000.0	1000.0	1000.0	1000.0	189999	424.02808	92.05551	510.21393	-68.90446	-433.57736	60.415195	1176.6699607372284
96	814.3333	262.57233	1000.0	443.0	1000.0	0.0	1000.0	1000.0	814.3333	1000.0	191999	430.02832	86.71011	525.03766	-102.30332	-438.9171	64.99118	1190.1144366264343
97	587.0	298.51382	1000.0	181.0	103.0	0.0	103.0	103.0	587.0	103.0	193999	428.1599	81.30228	528.20074	-81.76353	-436.3647	60.41748	1200.6655669212341
98	281.0	114.94471	428.0	133.0	815.0	370.00027	1000.0	74.0	281.0	815.0	195999	425.19662	79.76686	521.0229	-87.1943	-433.0554	56.823208	1213.559404373169
99	73.35714	178.35284	1000.0	35.0	38.0	0.0	38.0	38.0	73.35714	38.0	197999	412.7083	78.499565	507.85043	-132.58565	-419.0567	54.577827	1223.867465019226
100	44.177776	22.961115	194.0	35.0	39.6	0.48989797	40.0	39.0	44.177776	39.6	199999	394.1132	78.88277	488.97763	-100.898796	-399.32843	54.076233	1233.8738899230957
