Epoch	AverageEpRet	StdEpRet	MaxEpRet	MinEpRet	AverageTestEpRet	StdTestEpRet	MaxTestEpRet	MinTestEpRet	EpLen	TestEpLen	TotalEnvInteracts	AverageQVals	StdQVals	MaxQVals	MinQVals	LossPi	LossQ	Time
1	5.547222	3.1292515	24.0	2.0	35.4	1.56205	37.0	33.0	5.547222	35.4	1999	2.737671	1.3984905	6.381107	-0.18896101	-3.168905	0.23584592	4.677951335906982
2	5.5543175	2.9662402	22.0	3.0	24.4	0.66332495	25.0	23.0	5.5543175	24.4	3999	8.572131	4.7504444	16.52729	-0.18059582	-10.439733	0.71365786	13.821609020233154
3	5.5469613	3.1882474	19.0	2.0	32.0	3.224903	36.0	27.0	5.5469613	32.0	5999	15.358632	8.48365	25.531214	-0.203981	-18.91607	1.4985836	23.384103775024414
4	5.7797103	3.5070353	28.0	2.0	28.1	2.118962	31.0	24.0	5.7797103	28.1	7999	21.812485	12.080275	34.331608	-0.44626328	-26.912834	2.4706545	32.608238697052
5	5.644068	3.1196265	18.0	3.0	30.0	0.0	30.0	30.0	5.644068	30.0	9999	28.03207	15.700975	42.795048	-0.7689945	-34.68126	3.4597263	41.80585479736328
6	34.77193	2.01762	37.0	26.0	36.5	0.5	37.0	36.0	34.77193	36.5	11999	34.98225	18.5785	51.43191	-9.318292	-42.49576	6.711365	51.275205850601196
7	36.035713	0.49872288	37.0	35.0	36.0	0.4472136	37.0	35.0	36.035713	36.0	13999	40.27454	20.643805	58.887627	-10.966552	-47.615513	6.015289	60.78817629814148
8	34.77193	2.2634978	38.0	29.0	36.6	0.66332495	38.0	36.0	34.77193	36.6	15999	42.134403	23.178614	65.15886	-8.812427	-49.127277	5.3554406	70.29820203781128
9	38.73077	2.8018906	50.0	35.0	53.7	1.9519222	56.0	51.0	38.73077	53.7	17999	41.515633	25.078321	69.95968	-7.843282	-48.067753	5.1055555	79.86878037452698
10	66.433334	27.937647	147.0	24.0	36.9	11.527793	60.0	27.0	66.433334	36.9	19999	41.278423	26.338627	75.64082	-10.195375	-47.753967	6.6655693	89.41695189476013
11	58.85294	36.239506	176.0	27.0	1000.0	0.0	1000.0	1000.0	58.85294	1000.0	21999	45.957806	28.497372	78.83395	-14.648478	-52.619587	13.503908	102.18945097923279
12	332.0	313.21558	1000.0	86.0	1000.0	0.0	1000.0	1000.0	332.0	1000.0	23999	51.18891	28.37195	80.73247	-15.111889	-57.66851	13.983304	114.832200050354
13	91.63636	118.269554	578.0	37.0	58.6	11.918054	94.0	52.0	91.63636	58.6	25999	56.734264	27.810207	87.13659	-13.459349	-63.193665	12.770232	124.38693976402283
14	94.23529	58.411854	298.0	54.0	1000.0	0.0	1000.0	1000.0	94.23529	1000.0	27999	62.27484	27.561747	88.205826	-12.5957155	-68.682106	18.63254	136.9019329547882
15	1000.0	0.0	1000.0	1000.0	1000.0	0.0	1000.0	1000.0	1000.0	1000.0	29999	66.33801	27.18285	91.56032	-9.972091	-72.51229	14.916963	149.5846722126007
16	1000.0	0.0	1000.0	1000.0	1000.0	0.0	1000.0	1000.0	1000.0	1000.0	31999	70.59219	27.217627	93.563255	-10.549369	-76.60723	13.9219885	162.20826506614685
17	1000.0	0.0	1000.0	1000.0	1000.0	0.0	1000.0	1000.0	1000.0	1000.0	33999	74.79328	26.787819	96.347725	-10.33201	-80.620865	13.253839	174.9065499305725
18	1000.0	0.0	1000.0	1000.0	1000.0	0.0	1000.0	1000.0	1000.0	1000.0	35999	78.54267	26.381262	97.883125	-8.45975	-84.207825	13.403487	187.5065052509308
19	1000.0	0.0	1000.0	1000.0	251.4	116.670654	554.0	113.0	1000.0	251.4	37999	82.04196	25.90467	100.66575	-8.270189	-87.52528	13.648025	197.60196471214294
20	295.0	288.11282	1000.0	98.0	98.0	6.5878677	109.0	91.0	295.0	98.0	39999	85.27714	25.793879	102.78331	-9.694225	-90.62725	14.618594	207.0822036266327
21	118.17647	27.549389	172.0	78.0	119.8	16.01749	150.0	86.0	118.17647	119.8	41999	87.89202	25.656391	104.103264	-10.482683	-93.10737	15.430174	216.56870794296265
22	120.64286	14.46477	157.0	101.0	1000.0	0.0	1000.0	1000.0	120.64286	1000.0	43999	89.77233	25.676289	105.848045	-15.548683	-94.75452	15.933072	228.9176743030548
23	727.6667	323.5906	1000.0	273.0	1000.0	0.0	1000.0	1000.0	727.6667	1000.0	45999	91.27829	25.733322	107.08441	-15.993486	-96.07273	15.645808	241.37182760238647
24	205.7	264.32483	991.0	49.0	424.5	289.1969	1000.0	90.0	205.7	424.5	47999	92.46325	25.597893	113.29235	-14.774325	-97.086624	15.76841	251.82983493804932
25	47.909092	26.93411	176.0	30.0	77.3	3.9255571	83.0	73.0	47.909092	77.3	49999	96.39447	26.841415	123.60434	-18.237988	-101.77569	20.235598	261.3269393444061
26	93.28571	28.557617	151.0	70.0	110.7	16.745447	145.0	88.0	93.28571	110.7	51999	102.27515	28.91184	128.5262	-14.010363	-107.824265	20.321333	270.70765686035156
27	138.07143	58.99693	283.0	71.0	138.6	2.6907248	144.0	135.0	138.07143	138.6	53999	108.18481	32.340122	137.14946	-13.878874	-113.950424	20.539358	280.14053201675415
28	182.90909	39.12557	257.0	135.0	114.6	30.351936	139.0	68.0	182.90909	114.6	55999	113.94713	35.752792	144.13974	-20.745628	-119.7937	19.242586	289.53514313697815
29	182.63637	37.90724	251.0	128.0	135.9	2.8089144	142.0	131.0	182.63637	135.9	57999	115.98931	38.301807	152.15454	-32.431103	-121.5016	15.7982855	299.07826471328735
30	109.8421	48.440155	218.0	35.0	40.0	0.8944272	42.0	39.0	109.8421	40.0	59999	115.85767	40.861282	156.6498	-24.086939	-121.28634	16.87526	308.2154951095581
31	40.958332	3.0135689	49.0	33.0	39.0	0.4472136	40.0	38.0	40.958332	39.0	61999	122.21893	44.113617	157.69417	-17.601776	-128.48747	20.134851	317.41807746887207
32	37.48148	1.8231103	42.0	35.0	37.7	1.9	39.0	34.0	37.48148	37.7	63999	122.7157	46.18092	159.31607	-15.692356	-128.44728	21.147064	326.6282000541687
33	36.50909	3.7361758	42.0	30.0	42.5	0.5	43.0	42.0	36.50909	42.5	65999	124.92414	48.48862	166.05164	-15.945996	-131.0296	19.461903	335.9732644557953
34	41.104168	2.6944356	49.0	37.0	45.7	0.64031243	47.0	45.0	41.104168	45.7	67999	125.88369	51.35179	177.45819	-17.149862	-132.3467	18.680473	345.2237648963928
35	114.066666	236.85423	1000.0	46.0	1000.0	0.0	1000.0	1000.0	114.066666	1000.0	69999	128.21278	53.79317	183.18718	-18.192554	-134.55275	20.647484	357.5834872722626
36	808.5	191.5	1000.0	617.0	1000.0	0.0	1000.0	1000.0	808.5	1000.0	71999	128.36592	54.383255	185.27206	-11.797593	-134.5275	19.133715	369.7759337425232
37	692.0	435.5778	1000.0	76.0	1000.0	0.0	1000.0	1000.0	692.0	1000.0	73999	130.89532	53.80835	185.60287	-15.74374	-137.02182	18.546055	382.06863164901733
38	1000.0	0.0	1000.0	1000.0	1000.0	0.0	1000.0	1000.0	1000.0	1000.0	75999	131.97124	54.098522	185.10338	-17.12451	-137.88112	17.799273	394.5106647014618
39	1000.0	0.0	1000.0	1000.0	1000.0	0.0	1000.0	1000.0	1000.0	1000.0	77999	133.73894	54.12272	184.91216	-15.229613	-139.91556	16.525192	406.85548877716064
40	1000.0	0.0	1000.0	1000.0	1000.0	0.0	1000.0	1000.0	1000.0	1000.0	79999	135.72964	54.146908	186.3148	-18.4166	-141.55424	16.087671	419.04228377342224
41	1000.0	0.0	1000.0	1000.0	1000.0	0.0	1000.0	1000.0	1000.0	1000.0	81999	136.9176	53.46391	186.26999	-15.291222	-142.38213	14.920897	431.3211817741394
42	1000.0	0.0	1000.0	1000.0	1000.0	0.0	1000.0	1000.0	1000.0	1000.0	83999	136.81943	53.113583	185.53171	-18.19807	-142.12837	15.193695	443.4712915420532
43	1000.0	0.0	1000.0	1000.0	1000.0	0.0	1000.0	1000.0	1000.0	1000.0	85999	136.38095	52.678524	184.30467	-21.788506	-141.64284	13.954057	455.6596636772156
44	1000.0	0.0	1000.0	1000.0	1000.0	0.0	1000.0	1000.0	1000.0	1000.0	87999	136.06104	51.99039	182.30595	-15.235643	-141.12328	13.9527	467.78007674217224
45	1000.0	0.0	1000.0	1000.0	1000.0	0.0	1000.0	1000.0	1000.0	1000.0	89999	135.53339	51.032085	180.1846	-12.34487	-140.40096	12.750926	480.1011562347412
46	1000.0	0.0	1000.0	1000.0	1000.0	0.0	1000.0	1000.0	1000.0	1000.0	91999	134.96736	50.258396	178.84245	-25.207932	-139.62712	13.176474	492.16649556159973
47	1000.0	0.0	1000.0	1000.0	1000.0	0.0	1000.0	1000.0	1000.0	1000.0	93999	134.5474	48.987076	176.54143	-25.234539	-139.06262	11.357278	504.5177261829376
48	1000.0	0.0	1000.0	1000.0	1000.0	0.0	1000.0	1000.0	1000.0	1000.0	95999	133.39568	48.285873	174.35406	-22.84012	-137.89116	11.168397	516.7512602806091
49	1000.0	0.0	1000.0	1000.0	1000.0	0.0	1000.0	1000.0	1000.0	1000.0	97999	133.21667	46.513435	170.814	-24.964314	-137.40242	10.261244	529.1236479282379
50	1000.0	0.0	1000.0	1000.0	1000.0	0.0	1000.0	1000.0	1000.0	1000.0	99999	131.7957	45.95927	169.21602	-10.770201	-135.8155	10.080242	541.6457364559174
51	1000.0	0.0	1000.0	1000.0	1000.0	0.0	1000.0	1000.0	1000.0	1000.0	101999	130.16255	45.417377	166.63719	-23.97879	-134.06882	8.790615	554.0652232170105
52	1000.0	0.0	1000.0	1000.0	1000.0	0.0	1000.0	1000.0	1000.0	1000.0	103999	129.25917	44.366257	164.74954	-27.015348	-133.01088	9.11541	566.6915466785431
53	1000.0	0.0	1000.0	1000.0	1000.0	0.0	1000.0	1000.0	1000.0	1000.0	105999	128.19287	42.789967	161.97745	-24.329266	-131.75278	9.4236555	579.3401498794556
54	1000.0	0.0	1000.0	1000.0	1000.0	0.0	1000.0	1000.0	1000.0	1000.0	107999	126.25034	42.07219	159.68747	-22.103985	-129.67093	8.0748005	592.1422030925751
55	1000.0	0.0	1000.0	1000.0	1000.0	0.0	1000.0	1000.0	1000.0	1000.0	109999	124.19094	41.301918	154.53336	-24.485321	-127.54992	8.037828	605.0108640193939
56	1000.0	0.0	1000.0	1000.0	1000.0	0.0	1000.0	1000.0	1000.0	1000.0	111999	122.51172	40.425026	152.01006	-11.329725	-125.8115	7.56138	617.9421293735504
57	1000.0	0.0	1000.0	1000.0	1000.0	0.0	1000.0	1000.0	1000.0	1000.0	113999	121.1417	39.40078	147.97574	-24.158749	-124.26331	7.230419	630.9063856601715
58	1000.0	0.0	1000.0	1000.0	1000.0	0.0	1000.0	1000.0	1000.0	1000.0	115999	120.15198	38.331947	144.91167	-21.960924	-123.16399	7.1354833	644.0278918743134
59	1000.0	0.0	1000.0	1000.0	1000.0	0.0	1000.0	1000.0	1000.0	1000.0	117999	119.06044	37.70693	143.84096	-12.632436	-122.13545	6.897706	657.5609407424927
60	1000.0	0.0	1000.0	1000.0	1000.0	0.0	1000.0	1000.0	1000.0	1000.0	119999	119.33867	36.98808	143.66573	-22.23811	-122.34961	6.48876	670.7690451145172
61	1000.0	0.0	1000.0	1000.0	1000.0	0.0	1000.0	1000.0	1000.0	1000.0	121999	119.53306	36.669407	143.77554	-21.591244	-122.494705	6.5267625	683.8995468616486
62	1000.0	0.0	1000.0	1000.0	1000.0	0.0	1000.0	1000.0	1000.0	1000.0	123999	119.13486	36.47608	143.40569	-20.371546	-122.01272	6.357445	697.1486849784851
63	1000.0	0.0	1000.0	1000.0	1000.0	0.0	1000.0	1000.0	1000.0	1000.0	125999	118.99388	35.897297	143.25232	-21.666023	-121.90349	6.5869536	710.4602603912354
64	1000.0	0.0	1000.0	1000.0	1000.0	0.0	1000.0	1000.0	1000.0	1000.0	127999	119.52659	35.52936	142.86894	-19.669565	-122.37476	6.3444424	723.5416989326477
65	530.25	370.62878	1000.0	79.0	1000.0	0.0	1000.0	1000.0	530.25	1000.0	129999	119.69109	35.200603	142.53107	-10.767672	-122.477425	6.31503	736.2720420360565
66	360.66666	352.96066	857.0	24.0	1000.0	0.0	1000.0	1000.0	360.66666	1000.0	131999	120.0599	34.739254	142.32965	-19.297699	-122.849045	6.5698843	749.0353281497955
67	527.0	285.78778	795.0	131.0	1000.0	0.0	1000.0	1000.0	527.0	1000.0	133999	120.39568	35.20803	142.24666	-23.329113	-123.07213	7.412206	761.6410343647003
68	494.4	342.92596	1000.0	63.0	1000.0	0.0	1000.0	1000.0	494.4	1000.0	135999	120.2218	35.266483	142.61333	-21.758472	-122.92021	6.0613008	774.5422332286835
69	1000.0	0.0	1000.0	1000.0	1000.0	0.0	1000.0	1000.0	1000.0	1000.0	137999	120.81674	34.574112	142.99998	-19.335394	-123.42975	7.354	787.5241043567657
70	551.75	449.0336	1000.0	66.0	991.4	25.8	1000.0	914.0	551.75	991.4	139999	121.54813	33.842995	144.15178	-19.384758	-124.294495	7.130917	800.6366286277771
71	888.0	112.0	1000.0	776.0	1000.0	0.0	1000.0	1000.0	888.0	1000.0	141999	123.23807	34.198196	143.05923	-9.241131	-125.98211	7.0868654	813.6310365200043
72	1000.0	0.0	1000.0	1000.0	1000.0	0.0	1000.0	1000.0	1000.0	1000.0	143999	123.98636	34.4668	144.03024	-22.6906	-126.68729	7.2661433	826.6498186588287
73	1000.0	0.0	1000.0	1000.0	1000.0	0.0	1000.0	1000.0	1000.0	1000.0	145999	124.3798	34.391262	144.67119	-18.238338	-127.0383	7.1503925	839.477236032486
74	1000.0	0.0	1000.0	1000.0	1000.0	0.0	1000.0	1000.0	1000.0	1000.0	147999	124.82303	34.00995	141.24374	-9.512114	-127.40816	6.4937344	852.2065496444702
75	1000.0	0.0	1000.0	1000.0	1000.0	0.0	1000.0	1000.0	1000.0	1000.0	149999	124.57445	34.095825	144.74944	-23.367538	-127.07868	6.574849	865.4112710952759
76	1000.0	0.0	1000.0	1000.0	1000.0	0.0	1000.0	1000.0	1000.0	1000.0	151999	124.48884	33.582874	143.26407	-18.669918	-127.00843	6.9536896	878.5516335964203
77	1000.0	0.0	1000.0	1000.0	1000.0	0.0	1000.0	1000.0	1000.0	1000.0	153999	124.39507	33.14647	143.94292	-7.2726054	-126.84178	6.1172795	892.368616104126
78	1000.0	0.0	1000.0	1000.0	1000.0	0.0	1000.0	1000.0	1000.0	1000.0	155999	124.45472	32.781986	142.44577	-6.5767016	-126.86797	6.2335334	905.7761061191559
79	671.3333	464.80487	1000.0	14.0	1000.0	0.0	1000.0	1000.0	671.3333	1000.0	157999	123.83398	32.151787	140.84006	-7.6936336	-126.08633	7.0835156	919.4414281845093
80	1000.0	0.0	1000.0	1000.0	1000.0	0.0	1000.0	1000.0	1000.0	1000.0	159999	122.65118	31.819666	139.46172	-18.341745	-124.861725	6.737961	933.3935389518738
81	1000.0	0.0	1000.0	1000.0	1000.0	0.0	1000.0	1000.0	1000.0	1000.0	161999	121.71844	31.466833	138.87979	-19.697903	-123.94318	5.858254	947.3018884658813
82	1000.0	0.0	1000.0	1000.0	1000.0	0.0	1000.0	1000.0	1000.0	1000.0	163999	121.16568	30.965313	138.64862	-9.08622	-123.28533	6.039862	960.9255409240723
83	1000.0	0.0	1000.0	1000.0	1000.0	0.0	1000.0	1000.0	1000.0	1000.0	165999	121.02881	30.199144	137.50258	-19.452414	-123.221924	6.5763	974.3732047080994
84	1000.0	0.0	1000.0	1000.0	1000.0	0.0	1000.0	1000.0	1000.0	1000.0	167999	120.75925	29.58284	136.31682	-7.525229	-122.7972	5.5192194	988.0459213256836
85	1000.0	0.0	1000.0	1000.0	1000.0	0.0	1000.0	1000.0	1000.0	1000.0	169999	119.0935	29.459105	137.19783	-18.802773	-121.06002	5.595171	1001.7617723941803
86	1000.0	0.0	1000.0	1000.0	1000.0	0.0	1000.0	1000.0	1000.0	1000.0	171999	118.23893	29.10414	133.7805	-16.70914	-120.176506	5.3306193	1015.3173053264618
87	992.0	8.0	1000.0	984.0	1000.0	0.0	1000.0	1000.0	992.0	1000.0	173999	117.59013	28.730501	138.99911	-15.589945	-119.59697	5.7567954	1028.8133308887482
88	1000.0	0.0	1000.0	1000.0	1000.0	0.0	1000.0	1000.0	1000.0	1000.0	175999	117.34299	28.063055	136.30533	-8.622927	-119.2958	5.0949583	1042.3312044143677
89	473.0	343.6037	1000.0	103.0	1000.0	0.0	1000.0	1000.0	473.0	1000.0	177999	116.6395	27.92114	136.9806	-14.886337	-118.52444	4.8577547	1055.6967029571533
90	1000.0	0.0	1000.0	1000.0	1000.0	0.0	1000.0	1000.0	1000.0	1000.0	179999	115.98134	27.496372	138.60962	-8.049528	-117.815636	4.539096	1069.0468246936798
91	791.0	295.57065	1000.0	373.0	1000.0	0.0	1000.0	1000.0	791.0	1000.0	181999	115.29437	26.618904	135.95322	-8.553888	-117.04485	4.7814054	1082.2318732738495
92	1000.0	0.0	1000.0	1000.0	1000.0	0.0	1000.0	1000.0	1000.0	1000.0	183999	114.49385	26.085102	136.63269	-8.817345	-116.21308	4.402424	1095.1244022846222
93	1000.0	0.0	1000.0	1000.0	953.5	139.5	1000.0	535.0	1000.0	953.5	185999	113.8133	25.537102	135.8543	-11.622541	-115.50028	4.1207223	1108.189205646515
94	1000.0	0.0	1000.0	1000.0	1000.0	0.0	1000.0	1000.0	1000.0	1000.0	187999	113.3432	25.562857	132.27277	-12.302124	-115.14897	4.599748	1121.3665616512299
95	896.0	104.0	1000.0	792.0	1000.0	0.0	1000.0	1000.0	896.0	1000.0	189999	113.17314	25.535666	135.81413	-12.450409	-114.88233	4.605669	1134.9720470905304
96	878.5	121.5	1000.0	757.0	1000.0	0.0	1000.0	1000.0	878.5	1000.0	191999	113.77627	25.266281	138.13419	-8.454903	-115.5672	5.1126456	1148.3144979476929
97	1000.0	0.0	1000.0	1000.0	1000.0	0.0	1000.0	1000.0	1000.0	1000.0	193999	115.00327	25.277575	141.94772	-12.417234	-116.76246	4.8596597	1161.7280616760254
98	1000.0	0.0	1000.0	1000.0	805.9	283.26788	1000.0	105.0	1000.0	805.9	195999	114.7316	25.241714	140.88196	-11.589306	-116.41275	5.4416184	1174.3543860912323
99	1000.0	0.0	1000.0	1000.0	1000.0	0.0	1000.0	1000.0	1000.0	1000.0	197999	115.30379	25.386395	137.98009	-11.356731	-117.23489	4.7348876	1187.879893064499
100	1000.0	0.0	1000.0	1000.0	1000.0	0.0	1000.0	1000.0	1000.0	1000.0	199999	116.95782	25.659399	137.75697	-9.190416	-118.87355	5.607324	1201.5170195102692
